000011100010110100011001000011100010111000101110000011100010111000011011
0000111000101110001011010000111000101110001011100001010000011010000110010
0011001000110010001010000001110001011100010000000001110001011100010110100
0011100010111000011001000011100010111000101010000011100010111000101110000
0111000101110000110110001010000001110001011100001101000001110001011110001
1100000011100010111000011101000011100010111000011110000011100010111100011
0110001010000001110001011100001101100010100000011100010111100101101000011
1000101111000110110000111000101110001011100000111000101110001011000001010
0000011100010111000011001000011100010111000011010000011100010111000100000
0000111000101110000110010000111000101111000111110000111000101110000111100
0010111000101000000111000101100000110110001010000001110001011100001110100
0011100010111000011110000011100010111000100010000011100010111100011010000
0111000101111000110110000111000101110000110110000111000101110001000010000
1110001011110001101100001110001011100001111000001110001011100010101100001
1100010111100101100000011100010111000101101000011100010111000101110000011
1000101111000110100000111000101111000110110000111000101110001000010001010
0000110100001100100011001000110010001010000001110001011100010000000001110
0010111000101101000011100010111000011001000011100010111000101010000011100
0101110001011100000111000101110000110110001010000001110001000100001111100
0101000000111000101111001011010000111000101111000110110000111000101110001
0111000010100000011100010111000011011000101000000111000101110001011100000
1110001011100001110100001110001011100010110100001110001011100010111000001
1100010111000101100000101000000111000101111000110100000111000101110001010
1100001110001011110001110000001110001011110010000000001110001011100001100
1000011100010111000011110000101000000111000101110000110100000111000101110
0010111000001110001011100010101100001110001011100001111000001110001011100
0011110000101000000111000101111001000000000111000101110000111100000111000
1011100010110000010100000011100010111000011101000011100010111000101110000
0111000101111000110100000111000101111000110110000111000101110000110010000
1110001011110001101100001110001011100010111000001110001011110010000000001
1100010111000101101000011100010111000101110000011100001101100101100000101
0000001110001011100001101100010100000011100010111000011101000011100010111
1000110010000111000101111000111000000111000101110000111000000111000101110
0010111000001110001011100010110000010100000011100010001000011111000101000
0001110001011110001101000001110001011100010101100001110001011100010000100
0011100010111100100001000011100010111000101010000011100010111000101110000
0111000101110001011000001010000001110001011100010110000001110001011100001
1001000011100010111000101011000011100010111000101110000011100001101100101
1000001010000001110001011100001101100010100000011100010111100011011000011
1000101111000110010000111000101110000111100000111000101111000110110000111
0001011110010110000001110001011100001111000001110001011100010110000010100
0000111000100010000111110001010000001110001011100001110100001110001011100
0011001000011100010111000011111000011100010111000011110000101000000111000
1011110001101000001110001011100010101100001110001011100010000100001110001
0111100100001000011100010111000101010000011100010111000101110000011100010
1110001011000001010000001110001011100010110000001110001011100010110100001
1100010111000101110000011100010111000011100000011100010111000101110000101
1100010100000011100010110100011010000011100010111000101110000011100010111
0000111000000111000101110001010110000111000101110000110010000111000101111
0001101000001110001011100010000100001110001011110001101100001110001011100
0011110000011100010111100011010000011100010111100101100000011100001101100
1011000001010000001110001011100010000000001110001011100001100100001110001
0111000011100000011100010111000101110000011100010111000101011000011100010
1110001011100000111000101110000110110000111000101110001011100000111000101
1100010101000010100000011100010111000011101000011100010111000101011000011
1000101110001000010000111000101110001011010000111000101110001011100000111
0001011100010001000010100000011100010111000011011000101000001101000011110
0001010000001110001011100010111100001110001011110001100100001110001011100
0011110000011100010111000011101000011100010111000101011000011100010111000
1011100000111000101110000111110000111000101110000111100000111000101110001
0110100001110001011100010000100001110001011100010001000010100000011100010
1110000110110000111000101111001010110000111000101110000111000000111000101
1100010101100001110001011110010111100001110001011100001110100001110001011
1000011110000011100010111000101011000101000000111000101110000110100000111
0001011110010101100010100000011100010111100011010000011100010111100011011
0000111000101111000110010000111000101110000110010000111000101110001011010
0001110001011100010110100001110001011100010111000010111000101000000111000
1011000001100100010100000011100010111100011001000011100010111000011001000
0111000101111000110100000111000101111000110100000111000101110001010100000
1110001011100001100100001110001011100010000000010100000011100010111100011
0100001010000001110001011100010111100001110001011110001100100001110001011
1000011110000011100010111000011101000011100010111100101011000011100010111
1000110100000111000101111000110110000111000101110001011100000111000101111
0001100100001110001011100010000100001110001011100001111000001110001011100
0100010000011100001101100101100000101000000111000101110001000010000111000
1011100010110100001110001011110001101100001110001011110001100100001110001
0111000100001000011100010111000011100000011100010111000101110000011100010
1110001000100001010000001110001011100010000100010100000011100010111100011
0010000111000101110000110010000111000101110001000000000111000101110000110
1100001110001011110010111100001110001011100010000000001110001011100010101
0000011100010111000101110000011100010111000100010000101000000111000101110
0001101100010100000011100010111100011011000011100010111100101011000011100
0101111000110100000111000101111001011110000111000101111001000000000111000
1011110001110000010100000011100010111000100000000011100010111000101101000
0111000101110000110010000111000101110001010100000111000101110001011100000
1110001011100001101100010100000011100010111100011100000011100010111000101
0110000111000101110001011100000111000101110000111110000111000101110001000
0100001110001011110001101100001110001011110010110000010100000011100010111
1000110100000111000101110001011000000111000101110001011100000111000101110
0001111100001110001011100001111000001110001011110001101100010100000011100
0101111000110110000111000101110001011100000111000101110001010110000111000
1011110010110000001110001011100010101000001110001011100010111000010100000
0111000101110001011100000111000101111001000000000111000101110000111100000
1110001011100010110100001110001011110010110000010100000011100010111100011
0110000111000101110000110010000111000101110001010110000111000101110000110
0100001110001011100010110100001110001011110001101100001110001011100010101
1000011100010111000100001000011100010111000011011000011100010111100101011
0000111000101110001000100001010000001110001011100010111100001110001011100
0100001000011100010111100011010000011100010111000011001000011100010111100
0110110000111000101110000111100000111000101110001010110000111000101111001
0110000010111000101000000111000101100000110110001010000001110001011110001
1010000011100010111100011001000011100010111000011110000011100010111000011
1010000111000101110001011010000111000101110000111100000111000101110001011
0000010100000011100010111100011011000011100010111100101011000011100010111
1000110100000111000101111001011110000111000101111001000000000111000101110
0001100100010100000011100010111000100000000011100010111000101101000011100
0101110000110010000111000101110001010100000111000101110001011100000111000
1011100001101100010100000011100010001000011111000101000000111000101111001
0110100001110001011110001101100001110001011100010111000010100000011100010
1111000111100000111000101110001011100000111000101111000110010000111000101
1100010111000001110001011110010000100001110001011100001111000001110001011
1000011110000101000000111000101111000110010000111000101110000110010000111
0001011100010000000001110001011100001101100001110001011100001111000001110
0010111100011001000011100010111000101101000011100010111100011100000011100
0101111000110110000111000101110001011100000111000101110000111100001010000
0011100010111000101110000011100010111000101111000011100010111000100001000
0111000101111000110100000111000101110000110010000111000101110001011010000
1110001011100010000100001110001011100001111000010100000011100010111100011
0110000111000101110001011100000111000101110000110110000111000101110000110
0100001110001011110001100100001110001011100001100100010100000011100010111
0000110110001010000001110001011100010101000001110001011100001100100001110
0010111100011011000011100010111000011001000011100010111000101011000011100
0101110001011100000111000101110000111000000111000101110000111100001011100
0101000000111000101100000110110001010000001110001011110001101100001110001
0111000011001000011100010111000101010000011100010111000101110000011100010
1110001000100001010000001110001011100010111000001110001011100001101000001
1100010111100101010000011100010111000011110000011100010111000101100000101
0000001110001011110001110000001110001011100010110000001110001011100001111
0000011100010111100011010000011100010111100011011000011100010111000100001
0000111000101111000110110000111000101111000110100000111000101111001011110
0010100000011100010111000100001000101000000111000101110001011110000111000
1011100010111000001110001011100001110100001110001011110001100100001110001
0111000101110000011100010111000011010000011100010111000101101000011100010
1110000110010000111000101111001011110001010000001110001011110001111000001
1100010111000011001000011100010111100011001000011100010111000011001000011
1000101110001010100000111000101111000110110000111000101110000111100000111
0001011110001100100001110001011100010000100001110001011110001101000001110
0010111100011011000011100010111000100001000011100010111000101010000011100
0101110000110010000111000011011001011000001010000001110001011100010000100
0101000000111000101110001011100000111000101110000110100000111000101110001
0101100001110001011100001100100001110001011110001101000001110001011110001
1011000011100010111100101100000101000000111000101110001011110000111000101
1110001100100001110001011100010000100001110001011100010110000001110001011
1000011110000011100010111000101101000011100010111000011110000011100010111
0001011010000111000101110001000010000111000101111001011110000111000011011
0010110000010100000011100010111000100001000101000000111000101110001011100
0001110001011110001101000001110001011100010111000001110001011100001101000
0011100010111000011110000011100010111000101101000011100010111000101101000
0111000101110001011100000111000101111000110100000111000101111000110110000
1110001011100010000100010100000011100010111000011101000011100010111000011
0010000111000101110001011010000111000101110001011010000111000101110001011
1000001110001011100010001000010100000011100010111000101100000011100010111
0001011100000111000101110000111010000111000101110000111100000111000101110
0010101100001110001011100010000100001110000110110010110000010100000011100
0101110001000010001010000001110001011100001110100001110001011100001100100
0011100010111000011111000011100010111000011110000101000000111000101110001
0110100001110001011100001100100010100000011100010111000101111000011100010
1111000110010000111000101110001000010000111000101110001000000000111000101
1110010101100001110001011100001101100001110001011100001100100001110001011
1100101110000011100010111100100010000011100010111000100001000011100010111
0001000100001010000001110001011110001100100001110001011100001111000001110
0010111000101010000011100010111000101011000011100010111000011001000011100
0101110001011000000111000101110001011010000111000101111001010110000111000
1011100010001000010100000011100010111000011001000011100010111000011010000
0111000101110001000000000111000101110000110010000111000101111000111110001
0100000011100010111000101100000011100010111000011110000011100010111100011
0100000111000101111000110110000111000101110001011100001010000001110001011
1000101110000011100010111100011010000011100010111100011011000011100010111
0000110010000111000101110001011010000111000101110000111100000111000101111
0001101100001110001011110001101000001110001011110010111100010111000101000
0001110001011000001111000001110001011110001101000001110001011100010101100
0011100010111000100001000101000000111000101110001011100000111000101111000
1111100001110001011100001111000001110001011100010110100001110001011100010
0001000011100010111000011011000011100010111000011001000011100010111100011
0110000111000101111001011000001010000001110001011100010110100001110001011
1000011001000101000000111000101110000111000000111000101110001010110000111
0001011100001100100001110001011100010000000001110000110110010110000010100
0000111000101111000110110000111000101110001011100001010000001110001011110
0011011000011100010111000011110000011100010111000101010000011100010111100
0110100000111000101111000110110001010000001110001011100001101100010100000
1101000011001000110010001100100010100000011100010111000100000000011100010
1110001011010000111000101110000110010000111000101110001010100000111000101
1100010111000001110001011100001101100010100000011100001101100100001000011
1000101110000110100000111000101110000111100000111000101110001000000001010
0000011100010111000101111000011100010111100011001000011100010111000101110
0000111000101110000110100000111000101110000111100000111000101110001010110
0001110001011100010111000001110001011100001101100001110000110110010001000
0101000000111000100010000111110001010000001110001011110010110100001110001
0111100011011000011100010111000101110000101000000111000101110001011110000
1110001011110001100100001110001011100010000100001110001011100010110000001
1100010111000011110000011100010111100011001000011100010111000101101000011
1000101110001011100001010000001110001011100010111100001110001011100010111
0000011100010111000101011000011100010111000101110000011100010111000011011
0000111000101110001000010000111000101110001011010000111000101110000110010
0010100000011100010111100011010000011100010111100011011000011100010111100
0110010000111000101110000110010000111000101110001011010000111000101110001
0000100001110001011110001111100001110001011110010101100010100000011100010
1100000110010001110100010100000011100010111100100001000011100010111100011
0010000111000101110001000010000111000101111000111010000111000101111000110
1100001110001011100010111000001110001011100010110000010100001111010101001
0010101100100111001011100000101000011011101001110011000000011101101011000
0101011001001010010101110001010000001110001011110001100100001110001011100
0011001000011100010111000100000000011100010111000101100000011100010111000
0111100000111000101111000110010000111000101110001011100000111000101110001
0110000010100000110100001101100010100000011100010111000101111000011100010
1111000110110001010000001110001011110001101000010100000011100010111000101
1110000111000101110001011100000111000101110001010110000111000101111000111
0000001110001011110001101100001110001011100010111000001110001011110001100
1000011100010111000101101000011100010111100101011000011100010111000101100
0001010000001110001011100010000100001110001011100010110100001110001011110
0011011000011100010111000011110000011100010111100011001000011100010111000
0110110000111000101110000110010000111000101110001010110000111000101110001
0111000001110001011100010110000010111000101000000111000101100000111100000
1110001011110001101000001110001011100010101100001110001011100010000100010
1000000111000101110000110110000111000101110000110010000111000101110001011
0000010100000011100010111000101101000011100010111000100001000011100010111
1001000000000111000101110000111100000111000101110000111000000111000101110
0010111000010100000011100010111000101101000011100010111000011110000101000
0001110001011100001110000001110001011100010111000001110001011100001101100
0011100010111000101110000011100010111100011001000011100010111100101111000
0111000101111000110110001010000001110001011110010110100001110001011110001
1011000011100010111000100001000101000000111000101110001011110000111000101
1100001100100001110001011110001100100001110001011100001100100001110001011
1000101100000011100010111000011110000011100010111100011011000011100010111
1000110010000111000101111001010110000111000011011001011000001010000001110
0010111100011011000011100010111000101110000101000000111000101110001011110
0001110001011110001100100001110001011100010111000001110001011110001101000
0011100010111100011011000011100010111000101110000101000000111000101110001
0111100001110001011100010111000001110001011100001101100001110001011100001
1110000011100010111100011001000011100010111100101100000011100010111100011
0110000111000101110000111100001010000001110001011100010110100001110001011
1000011001000101000000111000101111000110100000111000101110001010110000111
0001011100010111000001110001011100001101100001110001011100010111000001110
0001110000101010000101000000111000101111001011010000111000101111000110110
0001110001011100010111000010100000011100010111000101111000011100010111100
0110010000111000101110001000010000111000101110001011000000111000101110000
1111000001110001011110001100100001110001011100010110100001110001011100010
1110000101000000111000101110001011110000111000101110001011100000111000101
1100010101100001110001011110001101000001110001011110001101100001110001011
1100011001000011100010111000011001000011100010111000101101000011100010111
0001000010000111000101111000111110000111000101111001010110001010000001110
0010111000101111000011100010111100011001000011100010111000100001000011100
0101110000110110000111000101111001010110000111000101111001000000000111000
1011100010110100001110001011100010111000001110001011100001110000001110001
0111000101110000101000000111000101110000110110000111000101110000110010000
1110001011100010110000010100000011100010111100011011000011100010111000011
1100000111000101110001010100000111000101111000110100000111000101111000110
1100001110001011100001100100010111000101000000111000101101000110110000111
0001011100001111000001110001011100010111100001110001011100001111000001110
0010111100011001000011100010111100101100000101000000111000101111000110100
0001110001011100010101100001110001011100001111000001110001011100001110100
0011100010111100011100000011100010111100101110000011100010111100100010000
0111000101110001000010000111000101110001000100001010000001110001011100001
1011000011100010111000101110000011100010111000101111000011100010111100011
0010000111000101110001011100000111000101111000110100000111000011100001010
1000010100000011100010111000101010000011100010111000101110000011100010111
0000111000000111000101110000111010000111000101110000110010001010000011010
0001100100011001000110010001010000001110001011110001101000001110001011100
0100001000011100010111000101100000011100010111000011011000011100010111000
1011100000111000101110001010110000111000101110001011100000111000101110000
1101100010100000011100010111000101100000011100010111000011001000011100010
1110001010110000111000101110001011100000111000011100001011110001010000001
1100010110000011110000011100010111100011010000011100010111000101011000011
1000101110001000010001010000001110001011100001110100001110001011100010101
1000011100010111100101111000101000000111000101110001011100000111000101110
0010111100001110001011100010000100001110001011110001101000001110001011100
0011001000011100010111000101101000011100010111000100001000011100010111100
1011110001010000001110001011110001101100001110001011100010111000001110001
0111000011011000011100010111000011001000011100010111100011001000011100010
1110000110010001010000100000000110010001100100010110000110100001100100011
0010001100100010100000011100010111000100000000011100010111000101101000011
1000101110000110010000111000101110001010100000111000101110001011100000111
0001011100001101100010100000011100010111000011011000011100010111000101111
0000111000101110001011100000111000101110001010110000111000101110001011010
0001110001011100001111000010100000011100010111000011101000011100010111000
1011100000111000101111000110100000111000101111000110110000111000101110000
1100100001110001011110001101100001110001011100010111000001110001011110010
0000000011100010111000101101000011100010111000101110000011100001101100101
1000001010000001110001011110001101100001110001011100010111000010100000011
1000101111000110110000111000101110000111100000111000101110001010100000111
0001011110001101000001110001011110001101100010100000011100010111000101101
0000111000101110000110010001010000001110001011110001101000001110001011110
0011011000011100010111100011001000011100010111000011001000011100010111000
1011010000111000101110001000010000111000101111000111110000111000101111000
1110000010100000011100010111100011010000011100010111000011001000011100010
1110001000100000111000101111000110110000111000101110000110010001010000001
1100010111000101101000011100010111100011100000011100010111000011111000011
1000101110001011010000111000101110001011100001010000001110001011100010111
1000011100010111000100001000011100010111100011010000011100010111000011001
0000111000101111000110110000111000101111001011000001010000001110001011100
0101111000011100010111000101110000011100010111000011010000011100010111000
1011100000111000101110001010110000111000101111001011000000111000101111001
0000100001110001011100001111000010100000011100010111000101110000011100010
1110000110100000111000101111001010100000111000101110000111100000111000101
1100010110000001110001011100010111000001110001011100010110000010111000101
0000001110001011000010111000001110001011100001101000001110001011110010101
0000011100010111000011110000011100010111000101100000101000000111000101110
0001101100010100000110110001100100011001000110010001011000011100000110010
0011001000110010001010000001110001011100010000000001110001011100010110100
0011100010111000011001000011100010111000101010000011100010111000101110000
0111000101110000110110001010000001110001000100001111100010100000011100010
1111001011010000111000101111000110110000111000101110001011100001010000001
1100010111000011101000011100010111000101110000011100010111000011010000011
1000101111000110010000111000101110001011100000111000101111000110110000111
0001011100010110100001110001011100001100100001110001011110010111100010100
0000111000101111000110100000111000101111000110110000111000101110000110010
0001110001011110001101100001110001011110010110000001110001011110010111100
0011100001101100101100000101000000111000101110000111010000111000101110001
0111000001110001011110001101000001110001011110001101100001110001011100001
1001000011100010111100011011000011100010111000101110000011100010111100100
0000000111000101110001011010000111000101110000110010000111000101111001011
1100010100000011100010111000011101000011100010111000101011000011100010111
1001011110001010000001110001011110001100100001110001011100001100100001110
0010111100011010000011100010111000101010000011100010111100011001000011100
0101111001010110000111000101111000110110000111000101110001000010000111000
1011110010111100010100000011100010111100011011000011100010111000011110000
0111000101110001011000000111000101111001010110001011100010100000011100010
1100001011000000111000101110001000010000111000101110001011010000111000101
1100010000100001110001011100010110000001110001011100001100100001110001011
1000101011000011100010111100101100000011100010111000101101000011100010111
1001010110000111000101110001000100001010000001110001011110001100100001110
0010111000011110000011100010111000101010000011100010111000101110000011100
0101110001011000000111000101110000111100000111000101110001011010000111000
1011100001110100001110001011110001110000001110001011100001111000001110001
0111000101100000011100010111100101011000011100010111000100010000101000000
1110001011100010111000001110001011100001101000001110001011110010101000001
1100010111000011110000011100010111000101100000101000000111000101111000110
1000001110001011110001101100001110001011100001100100001110001011110001101
1000011100010111100101100000011100010111000100001000101000000111000100010
0001111100010100000011100010111000101110000011100010111000101010000011100
0101110001011100000111000101110001010110000111000101110001011100001010000
0110100001111000011001000110010001010000001110001011100010000000001110001
0111000101101000011100010111000011001000011100010111000101010000011100010
1110001011100000111000101110000110110001011100001110001011010001100100001
1100010111000101110000011100010111000011011000011100010111000101101000011
1000101011001000010001010000011010000110010001100100011001000101000000111
0001011100010000000001110001011100010110100001110001011100001100100001110
0010111000101010000011100010111000101110000011100010111000011011000101000
0001110001011100001101000001110001011110001110000001110001011100001110100
0011100010111000011110000011100010111100011011000101000000111000101110000
1101100010100000011100010111100101101000011100010111100011011000011100010
1110001011100000111000101110001011000001010000001110001011100001100100001
1100010111000011010000011100010111000100000000011100010111000011001000011
1000101111000111110000111000101110000111100001011100010100000011100010110
0000110110001010000001110001011100001110100001110001011100001111000001110
0010111000100010000011100010111100011010000011100010111100011011000011100
0101110000110110000111000101110001000010000111000101111000110110000111000
1011100001111000001110001011100010101100001110001011110010110000001110001
0111000101101000011100010111000101110000011100010111100011010000011100010
1111000110110000111000101110001000010001010000011010000110010001100100011
0010001010000001110001011100010000000001110001011100010110100001110001011
1000011001000011100010111000101010000011100010111000101110000011100010111
0000110110001010000001110001000100001111100010100000011100010111100101101
0000111000101111000110110000111000101110001011100001010000001110001011100
0011011000101000000111000101110001011100000111000101110000111010000111000
1011100010110100001110001011100010111000001110001011100010110000010100000
0111000101111000110100000111000101110001010110000111000101111000111000000
1110001011110010000000001110001011100001100100001110001011100001111000010
1000000111000101110000110100000111000101110001011100000111000101110001010
1100001110001011100001111000001110001011100001111000010100000011100010111
1001000000000111000101110000111100000111000101110001011000001010000001110
0010111000011101000011100010111000101110000011100010111100011010000011100
0101111000110110000111000101110000110010000111000101111000110110000111000
1011100010111000001110001011110010000000001110001011100010110100001110001
0111000101110000011100001101100101100000101000000111000101110000110110001
0100000011100010111000011101000011100010111100011001000011100010111100011
1000000111000101110000111000000111000101110001011100000111000101110001011
0000010100000011100010001000011111000101000000111000101111000110100000111
0001011100010101100001110001011100010000100001110001011110010000100001110
0010111000101010000011100010111000101110000011100010111000101100000101000
0001110001011100010110000001110001011100001100100001110001011100010101100
0011100010111000101110000011100001101100101100000101000000111000101110000
1101100010100000011100010111100011011000011100010111100011001000011100010
1110000111100000111000101111000110110000111000101111001011000000111000101
1100001111000001110001011100010110000010100000011100010001000011111000101
0000001110001011100001110100001110001011100001100100001110001011100001111
1000011100010111000011110000101000000111000101111000110100000111000101110
0010101100001110001011100010000100001110001011110010000100001110001011100
0101010000011100010111000101110000011100010111000101100000101000000111000
1011100010110000001110001011100010110100001110001011100010111000001110001
0111000011100000011100010111000101110000101110001010000001110001011010001
1010000011100010111000101110000011100010111000011100000011100010111000101
0110000111000101110000110010000111000101111000110100000111000101110001000
0100001110001011110001101100001110001011100001111000001110001011110001101
0000011100010111100101100000011100001101100101100000101000000111000101110
0010000000001110001011100001100100001110001011100001110000001110001011100
0101110000011100010111000101011000011100010111000101110000011100010111000
0110110000111000101110001011100000111000101110001010100001010000001110001
0111000011101000011100010111000101011000011100010111000100001000011100010
1110001011010000111000101110001011100000111000101110001000100001010000001
1100010111000011011000101000001101000011110000101000000111000101110001011
1100001110001011110001100100001110001011100001111000001110001011100001110
1000011100010111000101011000011100010111000101110000011100010111000011111
0000111000101110000111100000111000101110001011010000111000101110001000010
0001110001011100010001000010100000011100010111000011011000011100010111100
1010110000111000101110000111000000111000101110001010110000111000101111001
0111100001110001011100001110100001110001011100001111000001110001011100010
1011000101000000111000101110000110100000111000101111001010110001010000001
1100010111100011010000011100010111100011011000011100010111100011001000011
1000101110000110010000111000101110001011010000111000101110001011010000111
0001011100010111000010111000101000000111000101100000110010001010000001110
0010111100011001000011100010111000011001000011100010111100011010000011100
0101111000110100000111000101110001010100000111000101110000110010000111000
1011100010000000010100000011100010111100011010000101000000111000101110001
0111100001110001011110001100100001110001011100001111000001110001011100001
1101000011100010111100101011000011100010111100011010000011100010111100011
0110000111000101110001011100000111000101111000110010000111000101110001000
0100001110001011100001111000001110001011100010001000001110000110110010110
0000101000000111000101110001000010000111000101110001011010000111000101111
0001101100001110001011110001100100001110001011100010000100001110001011100
0011100000011100010111000101110000011100010111000100010000101000000111000
1011100010000100010100000011100010111100011001000011100010111000011001000
0111000101110001000000000111000101110000110110000111000101111001011110000
1110001011100010000000001110001011100010101000001110001011100010111000001
1100010111000100010000101000000111000101110000110110001010000001110001011
1100011011000011100010111100101011000011100010111100011010000011100010111
1001011110000111000101111001000000000111000101111000111000001010000001110
0010111000100000000011100010111000101101000011100010111000011001000011100
0101110001010100000111000101110001011100000111000101110000110110001010000
0011100010111100011100000011100010111000101011000011100010111000101110000
0111000101110000111110000111000101110001000010000111000101111000110110000
1110001011110010110000010100000011100010111100011010000011100010111000101
1000000111000101110001011100000111000101110000111110000111000101110000111
1000001110001011110001101100010100000011100010111100011011000011100010111
0001011100000111000101110001010110000111000101111001011000000111000101110
0010101000001110001011100010111000010100000011100010111000101110000011100
0101111001000000000111000101110000111100000111000101110001011010000111000
1011110010110000010100000011100010111100011011000011100010111000011001000
0111000101110001010110000111000101110000110010000111000101110001011010000
1110001011110001101100001110001011100010101100001110001011100010000100001
1100010111000011011000011100010111100101011000011100010111000100010000101
0000001110001011100010111100001110001011100010000100001110001011110001101
0000011100010111000011001000011100010111100011011000011100010111000011110
00001110001011100010101100001110001011110010110000010111